1753281984325 0.22860562537402754 0
1753283245465 0.42250149611011373 1
1753284677949 0.6026331538001197 2
1753285643200 0.687013764213046 3
1753286565790 0.7396768402154399 4
1753287654973 0.7594254937163375 5
1753288652992 0.7869539198084979 6
1753289735568 0.8198683423099941 7
1753290810267 0.8324356672651108 8
1753291885046 0.8527827648114902 9
1753292977314 0.8671454219030521 10
1753294051173 0.881508078994614 11
1753295136781 0.9018551765409935 12
1753296272034 0.9030520646319569 13
1753297316368 0.9186116098144823 14
1753298369237 0.9228007181328546 15
1753299347415 0.9287851585876721 16
1753300537232 0.9395571514063435 17
1753301577718 0.9419509275882705 18
1753302584975 0.947935368043088 19
1753303574536 0.9563135846798324 20
1753307457161 0.9622980251346499 21
1753308534207 0.964691801316577 22
1753309496285 0.9664871334530222 23
1753310526594 0.9760622381807301 24
1753311547725 0.9778575703171754 25
1753281984325 0.22860562537402754 0
