1753281984273 2.8847465245228894 0
1753283245399 2.05024213610955 1
1753284677897 1.5239251143527481 2
1753285643167 1.1789823286938217 3
1753286565749 0.9533822677045498 4
1753287654916 0.8415651973688377 5
1753288652946 0.7271901318487132 6
1753289735517 0.6092218284337025 7
1753290810212 0.5512752099981848 8
1753291884995 0.48822362467927755 9
1753292977261 0.43407317686755703 10
1753294051136 0.42220047031933405 11
1753295136742 0.35576950182329936 12
1753296271997 0.32908405279213526 13
1753297316313 0.3026879907778974 14
1753298369190 0.27001373624464253 15
1753299347370 0.24407540114139611 16
1753300537196 0.2367175873720421 17
1753301577685 0.2080588756867175 18
1753302584924 0.19807077213278357 19
1753303574483 0.179549033771146 20
1753307457110 0.15699149710389804 21
1753308534154 0.13946884192245187 22
1753309496240 0.13902205910603954 23
1753310526551 0.119174400485068 24
1753311547682 0.10153339515036007 25
1753281984273 2.8847465245228894 0
